image: ril_map_v3.png
resolution: 0.010810811
origin: [-2.70270275,-5.94594605, 0.000000]
negate: 0
occupied_thresh: 0.45
free_thresh: 0.196
