image: ril_map.png
resolution: 0.005729167
origin: [-4.34,-5.358, 0.000000]
negate: 0
occupied_thresh: 0.45
free_thresh: 0.196
